01001
01003
01005
01007
01011
01013
01015
01017
01019
01021
01023
01025
01027
01029
01031
01035
01037
01039
01041
01045
01047
01051
01053
01057
01061
01063
01065
01067
01069
01073
01075
01081
01085
01087
01091
01097
01099
01101
01105
01107
01109
01111
01113
01115
01117
01119
01121
01123
01125
01127
01129
01131
12001
12003
12005
12007
12009
12011
12013
12015
12017
12019
12021
12023
12027
12029
12031
12033
12035
12037
12039
12041
12043
12045
12047
12049
12051
12053
12055
12057
12059
12061
12063
12065
12067
12069
12071
12073
12075
12077
12079
12081
12083
12085
12086
12087
12089
12091
12093
12095
12097
12099
12101
12103
12105
12107
12109
12111
12113
12115
12117
12119
12121
12123
12125
12127
12129
12131
12133
13001
13003
13005
13007
13009
13011
13013
13015
13017
13019
13021
13023
13025
13027
13029
13031
13033
13035
13037
13039
13043
13045
13049
13051
13053
13055
13057
13059
13061
13063
13065
13067
13069
13071
13073
13075
13077
13079
13081
13085
13087
13089
13091
13093
13095
13097
13099
13101
13103
13105
13107
13109
13113
13115
13117
13119
13121
13125
13127
13129
13131
13133
13135
13139
13141
13143
13145
13147
13149
13151
13153
13155
13157
13159
13161
13163
13165
13167
13169
13171
13173
13175
13177
13179
13181
13183
13185
13189
13191
13193
13195
13197
13199
13201
13205
13207
13209
13211
13213
13215
13217
13219
13221
13223
13225
13227
13229
13231
13233
13235
13237
13239
13243
13245
13247
13249
13251
13253
13255
13257
13259
13261
13263
13265
13267
13269
13271
13273
13275
13277
13279
13283
13285
13287
13289
13293
13297
13299
13301
13303
13305
13307
13309
13315
13317
13319
13321
28023
28025
28031
28035
28039
28041
28047
28059
28061
28067
28075
28081
28087
28095
28111
28131
28153
37001
37003
37007
37013
37015
37017
37019
37023
37025
37029
37031
37033
37035
37037
37041
37045
37047
37049
37051
37053
37055
37057
37059
37061
37063
37065
37067
37069
37071
37073
37077
37079
37081
37083
37085
37091
37093
37095
37097
37101
37103
37105
37107
37109
37117
37119
37123
37125
37127
37129
37131
37133
37135
37137
37139
37141
37143
37145
37147
37149
37151
37153
37155
37157
37159
37161
37163
37165
37167
37169
37177
37179
37181
37183
37185
37187
37191
37195
37197
45001
45003
45005
45007
45009
45011
45013
45015
45017
45019
45021
45023
45025
45027
45029
45031
45033
45035
45037
45039
45041
45043
45047
45049
45051
45053
45055
45057
45059
45061
45063
45065
45067
45069
45071
45073
45075
45079
45081
45083
45085
45087
45089
45091
51025
51081
51083
51089
51117
51143
51175
51183
51590
51595
51620
51690
